   jpnij     jpi     jpj     jpk  jpiglo  jpjglo
     480      25      37      75     684     554
NAREA nlci nlcj nldi nldj nlei nlej nimpp njmpp
    1   25   37    1    1   24   36    1    1
    2   25   37    2    1   24   36   24    1
    3   25   37    2    1   24   36   47    1
    4   25   37    2    1   24   36   70    1
    5   25   37    2    1   24   36   93    1
    6   25   37    2    1   24   36  116    1
    7   25   37    2    1   24   36  139    1
    8   25   37    2    1   24   36  162    1
    9   25   37    2    1   24   36  185    1
   10   25   37    2    1   24   36  208    1
   11   25   37    2    1   24   36  231    1
   12   25   37    2    1   24   36  254    1
   13   25   37    2    1   24   36  277    1
   14   25   37    2    1   24   36  300    1
   15   25   37    2    1   24   36  323    1
   16   25   37    2    1   24   36  346    1
   17   25   37    2    1   24   36  369    1
   18   25   37    2    1   24   36  392    1
   19   25   37    2    1   24   36  415    1
   20   25   37    2    1   24   36  438    1
   21   25   37    2    1   24   36  461    1
   22   25   37    2    1   24   36  484    1
   23   24   37    2    1   23   36  507    1
   24   24   37    2    1   23   36  529    1
   25   24   37    2    1   23   36  551    1
   26   24   37    2    1   23   36  573    1
   27   24   37    2    1   23   36  595    1
   28   24   37    2    1   23   36  617    1
   29   24   37    2    1   23   36  639    1
   30   24   37    2    1   24   36  661    1
   31   25   37    1    2   24   36    1   36
   32   25   37    2    2   24   36   24   36
   33   25   37    2    2   24   36   47   36
   34   25   37    2    2   24   36   70   36
   35   25   37    2    2   24   36   93   36
   36   25   37    2    2   24   36  116   36
   37   25   37    2    2   24   36  139   36
   38   25   37    2    2   24   36  162   36
   39   25   37    2    2   24   36  185   36
   40   25   37    2    2   24   36  208   36
   41   25   37    2    2   24   36  231   36
   42   25   37    2    2   24   36  254   36
   43   25   37    2    2   24   36  277   36
   44   25   37    2    2   24   36  300   36
   45   25   37    2    2   24   36  323   36
   46   25   37    2    2   24   36  346   36
   47   25   37    2    2   24   36  369   36
   48   25   37    2    2   24   36  392   36
   49   25   37    2    2   24   36  415   36
   50   25   37    2    2   24   36  438   36
   51   25   37    2    2   24   36  461   36
   52   25   37    2    2   24   36  484   36
   53   24   37    2    2   23   36  507   36
   54   24   37    2    2   23   36  529   36
   55   24   37    2    2   23   36  551   36
   56   24   37    2    2   23   36  573   36
   57   24   37    2    2   23   36  595   36
   58   24   37    2    2   23   36  617   36
   59   24   37    2    2   23   36  639   36
   60   24   37    2    2   24   36  661   36
   61   25   37    1    2   24   36    1   71
   62   25   37    2    2   24   36   24   71
   63   25   37    2    2   24   36   47   71
   64   25   37    2    2   24   36   70   71
   65   25   37    2    2   24   36   93   71
   66   25   37    2    2   24   36  116   71
   67   25   37    2    2   24   36  139   71
   68   25   37    2    2   24   36  162   71
   69   25   37    2    2   24   36  185   71
   70   25   37    2    2   24   36  208   71
   71   25   37    2    2   24   36  231   71
   72   25   37    2    2   24   36  254   71
   73   25   37    2    2   24   36  277   71
   74   25   37    2    2   24   36  300   71
   75   25   37    2    2   24   36  323   71
   76   25   37    2    2   24   36  346   71
   77   25   37    2    2   24   36  369   71
   78   25   37    2    2   24   36  392   71
   79   25   37    2    2   24   36  415   71
   80   25   37    2    2   24   36  438   71
   81   25   37    2    2   24   36  461   71
   82   25   37    2    2   24   36  484   71
   83   24   37    2    2   23   36  507   71
   84   24   37    2    2   23   36  529   71
   85   24   37    2    2   23   36  551   71
   86   24   37    2    2   23   36  573   71
   87   24   37    2    2   23   36  595   71
   88   24   37    2    2   23   36  617   71
   89   24   37    2    2   23   36  639   71
   90   24   37    2    2   24   36  661   71
   91   25   37    1    2   24   36    1  106
   92   25   37    2    2   24   36   24  106
   93   25   37    2    2   24   36   47  106
   94   25   37    2    2   24   36   70  106
   95   25   37    2    2   24   36   93  106
   96   25   37    2    2   24   36  116  106
   97   25   37    2    2   24   36  139  106
   98   25   37    2    2   24   36  162  106
   99   25   37    2    2   24   36  185  106
  100   25   37    2    2   24   36  208  106
  101   25   37    2    2   24   36  231  106
  102   25   37    2    2   24   36  254  106
  103   25   37    2    2   24   36  277  106
  104   25   37    2    2   24   36  300  106
  105   25   37    2    2   24   36  323  106
  106   25   37    2    2   24   36  346  106
  107   25   37    2    2   24   36  369  106
  108   25   37    2    2   24   36  392  106
  109   25   37    2    2   24   36  415  106
  110   25   37    2    2   24   36  438  106
  111   25   37    2    2   24   36  461  106
  112   25   37    2    2   24   36  484  106
  113   24   37    2    2   23   36  507  106
  114   24   37    2    2   23   36  529  106
  115   24   37    2    2   23   36  551  106
  116   24   37    2    2   23   36  573  106
  117   24   37    2    2   23   36  595  106
  118   24   37    2    2   23   36  617  106
  119   24   37    2    2   23   36  639  106
  120   24   37    2    2   24   36  661  106
  121   25   37    1    2   24   36    1  141
  122   25   37    2    2   24   36   24  141
  123   25   37    2    2   24   36   47  141
  124   25   37    2    2   24   36   70  141
  125   25   37    2    2   24   36   93  141
  126   25   37    2    2   24   36  116  141
  127   25   37    2    2   24   36  139  141
  128   25   37    2    2   24   36  162  141
  129   25   37    2    2   24   36  185  141
  130   25   37    2    2   24   36  208  141
  131   25   37    2    2   24   36  231  141
  132   25   37    2    2   24   36  254  141
  133   25   37    2    2   24   36  277  141
  134   25   37    2    2   24   36  300  141
  135   25   37    2    2   24   36  323  141
  136   25   37    2    2   24   36  346  141
  137   25   37    2    2   24   36  369  141
  138   25   37    2    2   24   36  392  141
  139   25   37    2    2   24   36  415  141
  140   25   37    2    2   24   36  438  141
  141   25   37    2    2   24   36  461  141
  142   25   37    2    2   24   36  484  141
  143   24   37    2    2   23   36  507  141
  144   24   37    2    2   23   36  529  141
  145   24   37    2    2   23   36  551  141
  146   24   37    2    2   23   36  573  141
  147   24   37    2    2   23   36  595  141
  148   24   37    2    2   23   36  617  141
  149   24   37    2    2   23   36  639  141
  150   24   37    2    2   24   36  661  141
  151   25   37    1    2   24   36    1  176
  152   25   37    2    2   24   36   24  176
  153   25   37    2    2   24   36   47  176
  154   25   37    2    2   24   36   70  176
  155   25   37    2    2   24   36   93  176
  156   25   37    2    2   24   36  116  176
  157   25   37    2    2   24   36  139  176
  158   25   37    2    2   24   36  162  176
  159   25   37    2    2   24   36  185  176
  160   25   37    2    2   24   36  208  176
  161   25   37    2    2   24   36  231  176
  162   25   37    2    2   24   36  254  176
  163   25   37    2    2   24   36  277  176
  164   25   37    2    2   24   36  300  176
  165   25   37    2    2   24   36  323  176
  166   25   37    2    2   24   36  346  176
  167   25   37    2    2   24   36  369  176
  168   25   37    2    2   24   36  392  176
  169   25   37    2    2   24   36  415  176
  170   25   37    2    2   24   36  438  176
  171   25   37    2    2   24   36  461  176
  172   25   37    2    2   24   36  484  176
  173   24   37    2    2   23   36  507  176
  174   24   37    2    2   23   36  529  176
  175   24   37    2    2   23   36  551  176
  176   24   37    2    2   23   36  573  176
  177   24   37    2    2   23   36  595  176
  178   24   37    2    2   23   36  617  176
  179   24   37    2    2   23   36  639  176
  180   24   37    2    2   24   36  661  176
  181   25   37    1    2   24   36    1  211
  182   25   37    2    2   24   36   24  211
  183   25   37    2    2   24   36   47  211
  184   25   37    2    2   24   36   70  211
  185   25   37    2    2   24   36   93  211
  186   25   37    2    2   24   36  116  211
  187   25   37    2    2   24   36  139  211
  188   25   37    2    2   24   36  162  211
  189   25   37    2    2   24   36  185  211
  190   25   37    2    2   24   36  208  211
  191   25   37    2    2   24   36  231  211
  192   25   37    2    2   24   36  254  211
  193   25   37    2    2   24   36  277  211
  194   25   37    2    2   24   36  300  211
  195   25   37    2    2   24   36  323  211
  196   25   37    2    2   24   36  346  211
  197   25   37    2    2   24   36  369  211
  198   25   37    2    2   24   36  392  211
  199   25   37    2    2   24   36  415  211
  200   25   37    2    2   24   36  438  211
  201   25   37    2    2   24   36  461  211
  202   25   37    2    2   24   36  484  211
  203   24   37    2    2   23   36  507  211
  204   24   37    2    2   23   36  529  211
  205   24   37    2    2   23   36  551  211
  206   24   37    2    2   23   36  573  211
  207   24   37    2    2   23   36  595  211
  208   24   37    2    2   23   36  617  211
  209   24   37    2    2   23   36  639  211
  210   24   37    2    2   24   36  661  211
  211   25   37    1    2   24   36    1  246
  212   25   37    2    2   24   36   24  246
  213   25   37    2    2   24   36   47  246
  214   25   37    2    2   24   36   70  246
  215   25   37    2    2   24   36   93  246
  216   25   37    2    2   24   36  116  246
  217   25   37    2    2   24   36  139  246
  218   25   37    2    2   24   36  162  246
  219   25   37    2    2   24   36  185  246
  220   25   37    2    2   24   36  208  246
  221   25   37    2    2   24   36  231  246
  222   25   37    2    2   24   36  254  246
  223   25   37    2    2   24   36  277  246
  224   25   37    2    2   24   36  300  246
  225   25   37    2    2   24   36  323  246
  226   25   37    2    2   24   36  346  246
  227   25   37    2    2   24   36  369  246
  228   25   37    2    2   24   36  392  246
  229   25   37    2    2   24   36  415  246
  230   25   37    2    2   24   36  438  246
  231   25   37    2    2   24   36  461  246
  232   25   37    2    2   24   36  484  246
  233   24   37    2    2   23   36  507  246
  234   24   37    2    2   23   36  529  246
  235   24   37    2    2   23   36  551  246
  236   24   37    2    2   23   36  573  246
  237   24   37    2    2   23   36  595  246
  238   24   37    2    2   23   36  617  246
  239   24   37    2    2   23   36  639  246
  240   24   37    2    2   24   36  661  246
  241   25   36    1    2   24   35    1  281
  242   25   36    2    2   24   35   24  281
  243   25   36    2    2   24   35   47  281
  244   25   36    2    2   24   35   70  281
  245   25   36    2    2   24   35   93  281
  246   25   36    2    2   24   35  116  281
  247   25   36    2    2   24   35  139  281
  248   25   36    2    2   24   35  162  281
  249   25   36    2    2   24   35  185  281
  250   25   36    2    2   24   35  208  281
  251   25   36    2    2   24   35  231  281
  252   25   36    2    2   24   35  254  281
  253   25   36    2    2   24   35  277  281
  254   25   36    2    2   24   35  300  281
  255   25   36    2    2   24   35  323  281
  256   25   36    2    2   24   35  346  281
  257   25   36    2    2   24   35  369  281
  258   25   36    2    2   24   35  392  281
  259   25   36    2    2   24   35  415  281
  260   25   36    2    2   24   35  438  281
  261   25   36    2    2   24   35  461  281
  262   25   36    2    2   24   35  484  281
  263   24   36    2    2   23   35  507  281
  264   24   36    2    2   23   35  529  281
  265   24   36    2    2   23   35  551  281
  266   24   36    2    2   23   35  573  281
  267   24   36    2    2   23   35  595  281
  268   24   36    2    2   23   35  617  281
  269   24   36    2    2   23   35  639  281
  270   24   36    2    2   24   35  661  281
  271   25   36    1    2   24   35    1  315
  272   25   36    2    2   24   35   24  315
  273   25   36    2    2   24   35   47  315
  274   25   36    2    2   24   35   70  315
  275   25   36    2    2   24   35   93  315
  276   25   36    2    2   24   35  116  315
  277   25   36    2    2   24   35  139  315
  278   25   36    2    2   24   35  162  315
  279   25   36    2    2   24   35  185  315
  280   25   36    2    2   24   35  208  315
  281   25   36    2    2   24   35  231  315
  282   25   36    2    2   24   35  254  315
  283   25   36    2    2   24   35  277  315
  284   25   36    2    2   24   35  300  315
  285   25   36    2    2   24   35  323  315
  286   25   36    2    2   24   35  346  315
  287   25   36    2    2   24   35  369  315
  288   25   36    2    2   24   35  392  315
  289   25   36    2    2   24   35  415  315
  290   25   36    2    2   24   35  438  315
  291   25   36    2    2   24   35  461  315
  292   25   36    2    2   24   35  484  315
  293   24   36    2    2   23   35  507  315
  294   24   36    2    2   23   35  529  315
  295   24   36    2    2   23   35  551  315
  296   24   36    2    2   23   35  573  315
  297   24   36    2    2   23   35  595  315
  298   24   36    2    2   23   35  617  315
  299   24   36    2    2   23   35  639  315
  300   24   36    2    2   24   35  661  315
  301   25   36    1    2   24   35    1  349
  302   25   36    2    2   24   35   24  349
  303   25   36    2    2   24   35   47  349
  304   25   36    2    2   24   35   70  349
  305   25   36    2    2   24   35   93  349
  306   25   36    2    2   24   35  116  349
  307   25   36    2    2   24   35  139  349
  308   25   36    2    2   24   35  162  349
  309   25   36    2    2   24   35  185  349
  310   25   36    2    2   24   35  208  349
  311   25   36    2    2   24   35  231  349
  312   25   36    2    2   24   35  254  349
  313   25   36    2    2   24   35  277  349
  314   25   36    2    2   24   35  300  349
  315   25   36    2    2   24   35  323  349
  316   25   36    2    2   24   35  346  349
  317   25   36    2    2   24   35  369  349
  318   25   36    2    2   24   35  392  349
  319   25   36    2    2   24   35  415  349
  320   25   36    2    2   24   35  438  349
  321   25   36    2    2   24   35  461  349
  322   25   36    2    2   24   35  484  349
  323   24   36    2    2   23   35  507  349
  324   24   36    2    2   23   35  529  349
  325   24   36    2    2   23   35  551  349
  326   24   36    2    2   23   35  573  349
  327   24   36    2    2   23   35  595  349
  328   24   36    2    2   23   35  617  349
  329   24   36    2    2   23   35  639  349
  330   24   36    2    2   24   35  661  349
  331   25   36    1    2   24   35    1  383
  332   25   36    2    2   24   35   24  383
  333   25   36    2    2   24   35   47  383
  334   25   36    2    2   24   35   70  383
  335   25   36    2    2   24   35   93  383
  336   25   36    2    2   24   35  116  383
  337   25   36    2    2   24   35  139  383
  338   25   36    2    2   24   35  162  383
  339   25   36    2    2   24   35  185  383
  340   25   36    2    2   24   35  208  383
  341   25   36    2    2   24   35  231  383
  342   25   36    2    2   24   35  254  383
  343   25   36    2    2   24   35  277  383
  344   25   36    2    2   24   35  300  383
  345   25   36    2    2   24   35  323  383
  346   25   36    2    2   24   35  346  383
  347   25   36    2    2   24   35  369  383
  348   25   36    2    2   24   35  392  383
  349   25   36    2    2   24   35  415  383
  350   25   36    2    2   24   35  438  383
  351   25   36    2    2   24   35  461  383
  352   25   36    2    2   24   35  484  383
  353   24   36    2    2   23   35  507  383
  354   24   36    2    2   23   35  529  383
  355   24   36    2    2   23   35  551  383
  356   24   36    2    2   23   35  573  383
  357   24   36    2    2   23   35  595  383
  358   24   36    2    2   23   35  617  383
  359   24   36    2    2   23   35  639  383
  360   24   36    2    2   24   35  661  383
  361   25   36    1    2   24   35    1  417
  362   25   36    2    2   24   35   24  417
  363   25   36    2    2   24   35   47  417
  364   25   36    2    2   24   35   70  417
  365   25   36    2    2   24   35   93  417
  366   25   36    2    2   24   35  116  417
  367   25   36    2    2   24   35  139  417
  368   25   36    2    2   24   35  162  417
  369   25   36    2    2   24   35  185  417
  370   25   36    2    2   24   35  208  417
  371   25   36    2    2   24   35  231  417
  372   25   36    2    2   24   35  254  417
  373   25   36    2    2   24   35  277  417
  374   25   36    2    2   24   35  300  417
  375   25   36    2    2   24   35  323  417
  376   25   36    2    2   24   35  346  417
  377   25   36    2    2   24   35  369  417
  378   25   36    2    2   24   35  392  417
  379   25   36    2    2   24   35  415  417
  380   25   36    2    2   24   35  438  417
  381   25   36    2    2   24   35  461  417
  382   25   36    2    2   24   35  484  417
  383   24   36    2    2   23   35  507  417
  384   24   36    2    2   23   35  529  417
  385   24   36    2    2   23   35  551  417
  386   24   36    2    2   23   35  573  417
  387   24   36    2    2   23   35  595  417
  388   24   36    2    2   23   35  617  417
  389   24   36    2    2   23   35  639  417
  390   24   36    2    2   24   35  661  417
  391   25   36    1    2   24   35    1  451
  392   25   36    2    2   24   35   24  451
  393   25   36    2    2   24   35   47  451
  394   25   36    2    2   24   35   70  451
  395   25   36    2    2   24   35   93  451
  396   25   36    2    2   24   35  116  451
  397   25   36    2    2   24   35  139  451
  398   25   36    2    2   24   35  162  451
  399   25   36    2    2   24   35  185  451
  400   25   36    2    2   24   35  208  451
  401   25   36    2    2   24   35  231  451
  402   25   36    2    2   24   35  254  451
  403   25   36    2    2   24   35  277  451
  404   25   36    2    2   24   35  300  451
  405   25   36    2    2   24   35  323  451
  406   25   36    2    2   24   35  346  451
  407   25   36    2    2   24   35  369  451
  408   25   36    2    2   24   35  392  451
  409   25   36    2    2   24   35  415  451
  410   25   36    2    2   24   35  438  451
  411   25   36    2    2   24   35  461  451
  412   25   36    2    2   24   35  484  451
  413   24   36    2    2   23   35  507  451
  414   24   36    2    2   23   35  529  451
  415   24   36    2    2   23   35  551  451
  416   24   36    2    2   23   35  573  451
  417   24   36    2    2   23   35  595  451
  418   24   36    2    2   23   35  617  451
  419   24   36    2    2   23   35  639  451
  420   24   36    2    2   24   35  661  451
  421   25   36    1    2   24   35    1  485
  422   25   36    2    2   24   35   24  485
  423   25   36    2    2   24   35   47  485
  424   25   36    2    2   24   35   70  485
  425   25   36    2    2   24   35   93  485
  426   25   36    2    2   24   35  116  485
  427   25   36    2    2   24   35  139  485
  428   25   36    2    2   24   35  162  485
  429   25   36    2    2   24   35  185  485
  430   25   36    2    2   24   35  208  485
  431   25   36    2    2   24   35  231  485
  432   25   36    2    2   24   35  254  485
  433   25   36    2    2   24   35  277  485
  434   25   36    2    2   24   35  300  485
  435   25   36    2    2   24   35  323  485
  436   25   36    2    2   24   35  346  485
  437   25   36    2    2   24   35  369  485
  438   25   36    2    2   24   35  392  485
  439   25   36    2    2   24   35  415  485
  440   25   36    2    2   24   35  438  485
  441   25   36    2    2   24   35  461  485
  442   25   36    2    2   24   35  484  485
  443   24   36    2    2   23   35  507  485
  444   24   36    2    2   23   35  529  485
  445   24   36    2    2   23   35  551  485
  446   24   36    2    2   23   35  573  485
  447   24   36    2    2   23   35  595  485
  448   24   36    2    2   23   35  617  485
  449   24   36    2    2   23   35  639  485
  450   24   36    2    2   24   35  661  485
  451   25   36    1    2   24   36    1  519
  452   25   36    2    2   24   36   24  519
  453   25   36    2    2   24   36   47  519
  454   25   36    2    2   24   36   70  519
  455   25   36    2    2   24   36   93  519
  456   25   36    2    2   24   36  116  519
  457   25   36    2    2   24   36  139  519
  458   25   36    2    2   24   36  162  519
  459   25   36    2    2   24   36  185  519
  460   25   36    2    2   24   36  208  519
  461   25   36    2    2   24   36  231  519
  462   25   36    2    2   24   36  254  519
  463   25   36    2    2   24   36  277  519
  464   25   36    2    2   24   36  300  519
  465   25   36    2    2   24   36  323  519
  466   25   36    2    2   24   36  346  519
  467   25   36    2    2   24   36  369  519
  468   25   36    2    2   24   36  392  519
  469   25   36    2    2   24   36  415  519
  470   25   36    2    2   24   36  438  519
  471   25   36    2    2   24   36  461  519
  472   25   36    2    2   24   36  484  519
  473   24   36    2    2   23   36  507  519
  474   24   36    2    2   23   36  529  519
  475   24   36    2    2   23   36  551  519
  476   24   36    2    2   23   36  573  519
  477   24   36    2    2   23   36  595  519
  478   24   36    2    2   23   36  617  519
  479   24   36    2    2   23   36  639  519
  480   24   36    2    2   24   36  661  519
